1018
1720
2006
2405
2690
3398
3492
4071
4141
4321
4771
5817
6171
7011
7228
7519
7864
7880
8212
8227
8412
8477
8954
9430
10424
10491
10776
10908
11045
11651
12224
12301
12397
12627
12963
13043
13852
13988
14085
14096
14530
15008
15057
15519
16029
16158
16302
16314
16674
16723
16862
17129
17742
17814
17856
18215
19015
21343
21457
21470
21788
21877
21887
21962
22204
22365
22686
22725
22866
23016
23370
23389
23679
24089
24275
24348
24527
24593
25205
25685
25822
26744
26903
27195
27404
27706
27747
28095
28419
28852
28997
29952
30333
30448
30786
30907
31011
31331
31641
316726
894
1086
1340
2060
2291
2619
2637
2830
3033
3126
3175
3434
4378
4432
4780
5373
5928
6452
6474
6904
7575
7849
7866
7895
8382
8650
8869
8994
9918
10458
10805
10870
10938
10971
11152
11418
11984
13184
13431
13814
14222
14385
15166
15379
15388
15466
17013
17164
17205
17264
17266
17400
17473
17676
17844
17914
18140
18210
18654
19370
19450
19703
19939
20226
20605
20633
20967
21900
21979
22608
23024
24011
24952
25497
25699
25804
25892
26035
26755
27615
27797
27904
28054
29010
29643
29672
30058
30218
30345
30431
30493
31373
31673
31703
31715
31949
32395
32524
32702123
272
679
765
1103
1236
1747
2021
2821
3309
3328
3501
4375
5095
5214
5629
5912
6227
6370
6884
6974
7535
7796
7811
8091
8526
8882
9123
9222
9412
9866
9905
9937
10140
10274
10735
11192
11421
12075
12666
12706
14012
15630
16718
17344
17428
17469
17592
17619
17690
17874
18001
18157
18384
18788
19006
19049
19418
19998
20629
20706
20821
21217
21333
21895
21921
22800
22912
23092
23349
23362
23428
23628
24264
24284
24344
24594
24814
24909
24980
25097
25262
25801
25956
26436
26722
27901
28768
29413
29418
29704
29941
30528
30528
31089
31619
31864
32059
32151
32753291
1358
1365
2052
2237
2788
2930
2998
3047
3790
4053
4455
4554
4800
5257
5910
6040
6929
7234
7475
8052
8155
8543
8576
8678
9800
9866
10398
10398
10561
10871
10888
10894
11068
11912
11920
12213
13353
13501
13788
14164
14461
14511
14602
14849
15122
15747
16162
16232
18723
18868
19389
19509
19813
19901
20010
20140
20148
20385
20478
21148
21802
22275
22488
22511
22948
23306
23565
23810
24109
24351
24574
25184
25470
26029
26313
26527
26767
26952
27046
27268
27685
27777
27970
28266
28320
28891
28933
28984
29001
29037
29206
29778
30074
30093
30133
31199
31825
32437
32459785
1087
1189
1936
2190
2393
2500
2543
2687
2690
2854
3733
4229
5130
6148
6497
6820
6942
7085
7811
8469
8666
8715
10238
12077
12224
12363
12940
12973
13049
13162
13213
13713
13719
14083
14142
14479
14511
15135
15148
15228
15379
15421
15586
15915
16023
16321
16781
16942
17602
17735
17939
18010
18155
18468
18591
18867
19117
19512
19679
19826
19972
19993
20007
20058
20442
20745
20893
21509
21862
22356
22513
22734
24010
24125
24209
24535
25397
25771
25843
26185
26702
27167
27656
27818
27909
28785
29238
29251
29520
29677
29768
30260
30342
30403
31574
31615
32078
32162
32701