1122
1376
1619
1902
1928
2157
2720
3559
3648
3763
3867
3868
4661
4697
5237
5456
5471
5637
5717
5842
6974
7163
7510
7567
8371
8422
8812
8828
9219
9345
9434
9465
9478
9659
9676
10567
10692
10771
10771
11258
13876
13978
14079
14375
14561
15353
15614
15643
15855
16041
16105
16416
17940
18250
18564
18747
18917
19272
19396
19634
20088
20377
20573
20580
20773
20884
22247
23273
23341
23391
23736
23739
23804
24175
24454
24604
25292
25317
25360
26498
26904
27077
27862
27927
28168
28564
28730
28955
29002
29525
29744
29918
30047
30297
30788
31024
31286
31770
32227
324141
378
1049
1148
1406
2015
2434
2789
2791
2905
4082
4311
4822
5344
5664
6284
6732
6935
7213
7536
7971
8225
8957
9291
9887
10098
10276
10284
10550
10557
10762
11304
11633
11693
12548
12821
13334
13806
14374
14435
14890
15487
15489
15545
15997
16284
16629
16724
16863
17534
18385
18439
18623
18640
18748
18825
19242
19585
20038
20523
20540
20720
21328
21351
21384
21674
22024
22337
22393
22613
22910
23068
23198
23400
23714
24067
24229
24371
24469
24910
25475
26168
26218
26561
26691
26782
26797
27370
27756
28959
28960
29248
29756
29848
30080
30251
30660
31149
31974
32052589
1123
1362
1399
1809
2670
2686
2728
3041
3651
3981
4302
4402
4954
5855
6069
6351
6389
6474
7776
8372
8824
9157
9204
9286
9709
10546
10832
11002
11073
11284
11336
11526
11677
11844
11908
12184
12404
13182
13310
14303
15111
15500
15897
16098
16723
17055
17168
17347
17407
18133
18548
18632
18829
18921
18943
19149
19198
19210
19241
19426
19436
20253
20697
20880
20935
21032
21089
21208
21283
21496
21513
21554
21660
22063
22523
23167
23425
23671
23772
23908
25195
25252
25328
25359
25637
26510
26930
27603
27632
28074
29679
29760
29864
30182
31199
31979
32345
32356
32504175
462
1136
1173
1388
1680
1969
2113
2174
3030
4121
4238
5505
6276
6956
6987
7615
8678
9026
9474
9477
9729
10398
11219
11485
11642
12380
12796
12838
13075
13168
13233
13365
13627
13717
13725
13862
14012
14156
14456
14536
14799
14878
15017
15026
15292
15344
15759
15942
16426
16687
16752
16970
17363
17519
17554
17931
18126
18928
19452
19642
19871
20107
20691
21179
21194
21266
22180
22430
22659
23797
24647
24738
24953
25323
25541
25804
26121
26129
26543
26609
26799
27901
27907
28348
28538
28845
29329
29667
29702
29785
30107
30177
30841
31185
31284
31315
31513
32220
3276652
537
598
623
704
924
1612
1971
2847
4577
5060
5155
5339
5524
5792
6150
6459
7089
7160
7285
7379
7834
8120
8242
8295
8726
8859
8920
9460
9784
10172
10642
10741
11105
11699
12485
12721
13045
13369
14317
14498
14694
14923
15483
15488
15564
16214
16556
16678
17308
17417
17793
18055
18115
18650
18898
18974
19164
19832
20156
20263
20419
20421
20469
21576
21592
21742
21754
22236
22955
23230
24058
24308
24312
24499
24738
25187
25341
25523
25698
26266
26612
26858
27148
27296
27882
28314
28805
29419
29591
29704
30306
31047
31075
31195
31302
31481
31745
32136
32699