562
979
992
1395
1836
2569
3215
3420
3859
4024
4390
5348
5382
5385
5386
5688
5744
6117
6129
6155
6450
6515
6571
6596
7007
7142
7222
7247
7283
8218
8471
8639
8651
9158
9431
10166
10619
11129
11269
13212
13980
15049
15316
15672
15738
16052
16109
16370
17022
17462
17553
17625
17829
18295
18328
18783
18823
19192
19369
20151
20177
20403
21238
22274
22703
22888
22931
23101
24234
24462
24592
24630
25279
25306
26026
26921
27051
27199
27200
27391
27787
27878
27934
28129
28711
29343
29422
29634
29959
30395
30517
31069
31216
31261
31901
31930
32067
32246
32287
32520371
1237
1362
1770
2071
2289
2290
2454
2845
2982
3498
3629
3821
4243
4260
4334
4656
5036
5061
5218
5234
5365
5473
5652
5729
6450
6710
7397
7496
7786
8324
8372
9150
9484
9887
10497
11083
11441
11585
11948
12239
12720
12824
13327
13418
13470
13712
13763
13774
14277
14982
15526
15842
16171
16481
16784
16896
16924
17686
17885
17898
18911
19555
19567
19773
20246
20766
21570
21724
21965
21973
22349
22793
23646
24213
24326
24929
25217
25310
26298
26317
26541
26571
26922
28349
28898
29001
29081
29274
29520
29754
29805
30080
30737
30827
31045
31187
31966
32084
3219450
596
646
1071
1572
1764
2647
3087
3184
3569
3749
3841
4217
4263
4425
5774
6369
7025
7139
7273
7432
7783
7918
8343
9042
9155
9283
9428
9558
9737
10175
10345
10384
10391
10911
11604
11623
12032
12675
12821
13585
13597
13684
13736
13738
13965
14134
14180
14481
15634
16613
17491
17908
17940
17949
18469
18855
19266
19992
20038
20247
20325
20642
21107
21361
21375
21456
21564
21567
21708
22007
22074
22228
22432
22625
23578
23818
24695
24909
25119
25811
26158
26750
26841
27059
28138
28161
28328
28374
28444
30194
30358
30420
30818
31307
31917
31983
32101
32308
32396252
983
1261
2146
2567
2605
3440
4310
4459
4552
5213
5346
5703
7089
7253
7739
8360
8460
8792
9083
9247
9291
9971
10359
10395
10648
10828
10837
10932
11091
11324
11404
11494
11654
11950
12149
12235
12413
12475
12521
12837
12940
13094
13123
13180
13498
13519
14107
14138
14494
15893
17040
17086
17231
17336
17465
17771
18266
18656
18956
19008
19253
19270
19758
19939
20137
20232
20321
20351
20409
20841
20867
21142
21945
22209
22332
22351
23289
23400
23615
24085
24569
24894
24933
25079
26131
26139
26750
27023
27393
27541
28248
28590
29441
29734
31542
31668
31726
31910
320655
766
961
967
1113
1121
1317
1983
2194
2307
2350
2923
3002
3964
4020
4251
4336
4500
5589
6335
6341
8345
8541
8616
8922
8931
9830
9844
9975
10007
10240
10660
10697
10922
10940
11006
11637
11811
11820
12877
13349
13540
13769
13778
14776
14967
15092
15168
15649
16024
16154
17035
17193
17487
18140
18160
18573
18844
19220
20188
20800
20910
21408
21572
21979
22370
22683
22807
22884
23010
23078
24033
24528
24801
25227
25273
25642
25689
25884
26328
26472
26476
26649
26866
26908
27254
27819
28895
28921
29204
29305
29590
29638
30510
30546
31517
32072
32072
32119
32455