32
236
543
587
1053
1442
1659
1847
2122
2427
3011
3266
3933
3949
4458
4568
4596
4608
4614
4880
5879
7041
7407
7476
7655
7687
8578
9093
9642
9706
10154
10184
10242
10363
10658
10683
10913
10983
10987
11110
11420
11528
12654
12686
12897
13038
13345
13743
14124
14155
15494
15550
15636
15684
16324
16422
16441
16492
16767
17107
17480
17737
18139
18354
18848
18866
19286
20139
20272
20838
22209
22460
22796
22864
23139
23199
24453
24824
24842
26093
26201
26435
26526
26971
27111
27119
27462
27829
28331
28371
28957
29092
29140
29361
29647
30290
31205
31246
32043
32396443
554
1314
1718
2104
2218
2397
2440
2443
3439
3575
4323
4455
4909
4956
5261
5408
5951
5976
6201
6568
6633
6897
7177
7513
7664
7912
8460
8947
10243
10295
10564
10966
11291
11298
11508
12269
12416
12787
13174
13194
13462
13557
13673
13779
13854
13960
14208
14312
14987
16134
16640
16744
16774
17096
17269
17829
17993
18054
18389
19453
19478
19619
19849
19885
20391
20853
20962
21063
21837
22459
22604
23101
23161
23473
23929
24012
24071
25247
25279
25544
25929
25991
26389
26539
26615
26710
26871
26972
27399
28420
29227
30947
31108
31230
31432
31693
31776
32292
32357279
310
504
883
1402
1619
1652
1694
1717
2981
3037
3053
3440
3770
4007
4532
4831
5384
5460
5635
5900
6208
6225
6519
6525
6960
7091
7436
7494
7577
7822
7837
8103
8815
9376
10002
10157
10191
11125
11192
11900
12603
12787
13370
13552
13701
14003
14019
14158
14710
15475
15700
15942
16363
16683
17462
17492
17994
18696
18930
19020
19443
21282
21344
21615
22307
22348
23166
23254
23485
23488
23527
23986
24368
24462
24738
25096
25860
25862
25890
26317
26553
27285
28039
28358
28878
29072
30027
30036
30247
30259
30379
30419
30553
31227
31431
31603
31709
32021
32361280
317
454
553
886
1200
1337
1399
2595
2678
3037
3109
3215
3304
3505
3889
4018
4335
4511
5709
5918
6261
6363
6733
7021
7035
7360
7917
8635
9929
10725
10899
11069
11113
11433
12363
12545
12906
12965
12970
13165
13636
14681
15345
15590
15629
15837
16022
16535
16869
17106
17485
17650
17970
18643
20253
20272
20281
20465
20622
20681
21002
21521
21945
22482
22792
23035
23535
23853
24201
24206
24291
25117
25382
25693
25995
26405
26656
26973
28293
28489
28538
28643
28954
28988
29386
29421
29625
29845
30271
30274
30767
30842
31110
31271
31480
31881
32142
32625
32765937
1004
2389
2627
2787
2810
2861
2972
3669
3711
3829
4471
4972
5191
5414
5481
5725
5966
6078
7466
7662
7722
7839
8245
8701
8836
8988
9134
9162
9886
10437
10740
10836
11233
11441
11619
11684
11985
12249
12444
12548
12838
12892
12949
14255
14651
15807
16602
17558
17586
17637
17778
18425
19964
20202
20321
20557
20778
21156
21231
21316
21394
21457
21845
21869
22249
22249
23227
24005
24153
24175
24473
24530
24785
24909
25060
25130
25224
25523
25543
25567
25667
26017
26221
26268
26859
27051
27149
27415
28031
28820
29139
29328
29383
29492
30227
31105
31414
32356
32405