2
800
972
1458
1541
1673
1871
2024
2276
2379
2459
2964
3238
3434
3701
4509
4922
5331
5445
5821
6653
7231
7247
7629
7659
8519
8540
9033
9432
9975
10869
10968
11049
11764
12110
12219
12988
13833
14209
14298
14695
14710
14819
15331
15401
15567
15804
16660
17146
17329
18147
18286
18661
18762
18927
19141
19372
19454
19884
19991
20803
20977
21083
21432
21815
22585
22989
23464
23556
24298
24572
24676
24942
24942
24962
25945
26218
26648
26780
26826
26991
27392
27797
27976
28638
29010
29301
29424
29578
29578
29955
30231
30477
30567
30819
30836
30993
31253
31505
3233476
422
441
1375
1418
2330
2344
2363
2437
2875
3012
3270
3466
3989
4382
4883
4996
5515
5856
5972
6323
7225
7682
7939
7997
8067
8501
8558
9361
9577
9638
9781
9829
10167
10178
10712
10852
11006
11164
11230
11356
11458
11930
12094
12379
13055
13301
15404
15752
16368
16829
17004
17512
17771
17780
17984
18030
18886
19007
19262
19610
19644
19721
20024
20485
21034
21132
21990
22074
22375
22570
22780
22850
23373
23522
23762
24313
24380
24613
24874
25301
25867
25905
26433
26603
26866
27526
27799
27963
28130
28150
28370
29221
30349
30436
30727
30915
30919
31585
32008685
902
1018
1336
2031
2382
2685
3425
3482
3748
4231
4566
6179
6219
6331
6436
6880
7627
8733
8734
9211
9213
9471
9487
9489
10082
10226
10662
11153
11697
11923
11954
12069
12780
13111
13479
14477
14870
15722
16104
16179
16504
16568
17095
17116
17856
18130
18236
18359
18515
19186
19680
19802
20554
20665
21257
21513
21583
22085
22295
22543
22692
22762
23217
23745
23803
23809
23833
23843
23906
24299
24525
24732
24760
24839
25011
25099
25203
26307
26345
27255
27828
27837
28832
28896
28953
29069
29192
29893
30134
30324
30536
30858
31026
31271
31277
31840
32146
32440
32648638
673
676
878
1021
2343
2415
2608
2992
4321
4344
4672
5174
5899
6154
6415
7189
7362
7555
7568
7570
8025
8094
8490
8775
8874
9881
9905
10114
11155
11655
11971
12382
12434
12972
13002
13366
14376
14463
14545
15132
15534
15543
15549
15660
15920
15986
16119
17340
17746
17857
18247
18907
18974
19425
19440
19581
19751
19996
20194
20745
21026
22939
23174
23294
23541
24071
24401
24572
24725
25196
25300
25903
26129
27089
27302
27358
27379
27566
28219
28595
28671
29244
29590
29639
29918
30115
30132
30493
30635
30680
30708
30745
30752
31085
31345
31450
31748
31756
3238645
204
269
324
768
950
1044
1376
1436
1470
1637
2142
2161
2389
2664
3439
3853
3905
4420
5927
6162
6292
6625
6679
7172
7296
7701
7857
8562
9508
9575
10645
10997
11225
11235
11344
11404
11654
12092
12643
12920
13602
14010
14695
15117
15286
15328
15352
15568
15641
15806
16531
17971
18476
18623
19187
19443
20182
20204
20261
20264
20356
20613
21771
22310
22507
22684
22699
22971
23090
23245
23280
23297
24705
24752
25052
26241
26947
26996
27227
27966
27968
28185
28314
28461
28893
29488
29610
29660
29777
29785
29895
30627
30659
30894
31261
31617
31961
32019
32724