348
475
477
483
787
917
1315
1406
1414
1829
2118
2123
2217
3154
3315
3537
3637
4358
4701
4759
4813
5198
6472
6750
6775
7663
7730
7787
8596
8691
9019
9199
9642
9684
9987
10519
11308
11406
11551
12100
12313
12417
12503
12906
13082
13503
13632
13703
14153
14239
14501
14652
14977
15936
17479
18165
18397
18465
18486
18567
18668
18852
18874
20154
20640
20961
21095
21262
21598
21801
21990
22009
22257
23749
23900
25456
25933
26180
26405
26649
26673
26682
27214
27662
27737
28362
28830
28987
30139
30171
30448
31248
31355
31403
31652
31717
31805
32238
32584
32734477
885
1002
1324
1487
2583
2637
3078
3744
3847
4130
4440
4982
5113
5430
5522
6318
6546
7250
7500
7829
8037
8115
8331
8412
8868
9904
10130
10228
10237
10692
11165
11519
11530
11614
11701
11883
11905
11930
12409
12764
13024
13389
13818
14392
14632
15145
16268
16397
17826
17948
18098
19749
20023
20476
20541
20897
21417
21419
21518
21582
21945
22472
22504
22748
23177
23222
23770
24383
24500
24518
24579
25411
25453
25537
25885
26293
26498
27167
27217
27402
27684
28179
28336
29331
29881
29965
30092
30198
30246
30272
30351
30402
30494
30529
30802
31200
31857
32346
32680207
259
835
903
1043
2176
2576
3369
4717
5359
5604
6020
6038
6111
6281
6439
6542
7376
7838
7970
9107
9190
9302
9358
10048
10085
10770
11222
12072
12361
12367
12763
13377
13529
14186
14195
14302
14400
14454
14538
15213
15299
15738
15869
15978
16023
16182
16228
16423
17051
17348
17388
17630
19188
19224
19291
19670
19770
19912
20386
20909
21155
21193
21552
21991
22020
22084
22194
22549
22629
23775
23900
23986
24339
24425
24584
24771
24780
25069
25162
25412
25647
26632
26973
27048
27547
28122
28165
28962
29313
29315
29377
29724
29873
30248
30357
30419
30587
31424
31602350
641
903
1137
1141
1233
2443
2599
2719
2766
3058
3533
3650
4173
4748
4783
5892
5912
5992
6515
7018
7866
7962
8810
8887
8984
9112
9869
10194
11108
11771
11914
12354
14026
14375
14558
14882
14883
15274
15593
15688
16328
16337
16369
16393
16488
16781
16846
16934
16985
18032
18211
18623
19121
19563
19581
20154
20224
20566
20845
20921
21922
22397
22407
22492
22870
23601
24258
24936
25000
25762
25978
26018
26216
26323
26344
26835
26864
26869
27203
27328
27346
27353
27480
27671
28727
28764
29216
29216
29667
29774
29844
30695
30729
31035
31294
31797
32196
32431
32500448
481
1343
2146
2451
2672
2744
2747
2839
2913
3587
3725
4029
4453
4914
5175
5408
6083
6502
6853
7449
7504
7523
7626
7673
7730
7975
8520
8939
9566
9738
9937
10006
10226
10725
11076
11625
11792
12357
12405
12507
12731
13353
13491
14199
14346
14491
14654
15461
15686
15858
16344
16480
16496
16955
16957
17543
17547
17828
18347
18856
19036
19198
19573
20014
20882
20972
21649
22117
22445
22551
22719
23083
23260
23275
23525
24375
24459
24937
25661
25748
26011
26470
26996
27402
28004
28034
28467
28557
28560
28955
29141
29677
29691
30097
30388
30810
31186
31197
32703