595
1038
1209
1328
1725
1840
2012
2521
2523
2777
2998
3190
3276
3591
3798
3975
4851
5332
5432
5588
6449
6895
7443
7563
7733
8374
9421
9453
10129
10546
10823
11161
11858
12055
12846
13342
14002
14627
14852
15202
15362
16243
16422
16756
16958
17055
17158
17209
17458
17606
17955
18003
18211
18247
18678
18711
18839
19054
20060
20501
20516
20554
20822
21039
21161
21166
21262
21621
21679
22131
22145
23398
23732
24163
24982
25199
25624
25845
26112
26631
26671
26948
27014
27093
27354
28359
29286
30258
30349
30577
30633
30699
30741
31607
31846
31938
31980
32299
32693
3275966
255
308
684
1733
2224
2751
2858
3036
3601
4438
4819
4908
4916
5073
5075
6472
6548
6562
7720
8055
8372
8617
9105
9405
9454
9798
10091
10419
10827
11385
12005
12016
12105
12125
12432
12939
13195
13521
13736
14019
14249
14266
14392
14418
14690
15582
15682
16075
17294
17627
17818
17959
18410
18714
19025
20045
20278
20414
20803
20883
20917
21294
21300
21378
21492
21961
21965
21969
22358
22878
23333
23371
23452
23796
23988
24086
24776
24881
24900
25192
25219
26232
26447
26704
26994
27086
27421
27477
27671
27694
28040
28068
29083
30833
30957
31370
32174
32591
32765212
520
568
600
613
1126
1448
1582
2274
2725
3021
4238
4328
5131
5648
5890
6199
6690
6836
6911
7671
7722
7981
8306
8558
8849
9636
9792
10074
10226
10546
11602
12034
12540
13161
13410
14048
15078
15411
15664
15870
16089
16407
16470
16472
16640
16663
17023
17080
17291
17618
18426
18678
18817
19207
19393
19510
19774
20715
21339
21442
21546
21843
23311
23598
23723
24038
24178
24473
24685
24824
25004
25252
25376
25514
25577
25869
25880
26691
26721
26773
26935
27264
27381
27450
27556
28050
28056
28083
29070
30135
30548
30604
30818
31127
31176
31452
31698
32592
32719479
815
871
2138
3115
3592
3644
3819
3919
4113
4259
4623
5412
5560
6039
6675
6805
6855
6917
6930
7135
7234
7619
8135
8471
8678
8717
9041
9108
9225
9395
9722
9955
10020
10259
10560
10703
11023
11063
11349
11808
12522
13282
13432
13550
13649
13846
13923
14245
14509
15180
15213
15520
15562
15631
16041
16279
16522
16602
17934
18022
19253
19511
19573
20217
20707
20815
20947
21216
21569
21661
22046
22268
22293
22786
22929
23047
23174
23833
24499
24548
24848
25175
26017
26055
26268
26399
26746
27030
27297
27645
27870
28413
28785
28808
29811
30194
30306
30821
31890665
682
937
1326
1497
1525
1612
1707
2461
2567
2752
2904
3191
3305
3696
4041
4100
6213
6709
7144
7345
7453
7594
7900
8496
9613
9782
10178
10524
10525
10583
10852
10986
11062
11159
11283
11423
11627
12447
12549
13325
13473
13557
14209
14225
14229
14872
15382
15704
16170
16219
16933
17210
17396
17551
17711
17881
18084
18380
19239
19252
20527
20568
20608
20823
21265
21519
21633
22121
22847
23043
23059
23103
23254
23264
23542
23949
24446
24943
25286
25671
25807
26094
26986
27377
28305
28350
28504
29318
29711
29801
29842
30133
30352
31127
31404
31420
31511
31636
31696