700
989
1034
1184
1319
1888
2718
3607
4193
4624
4718
5299
5543
6361
6681
7564
7763
8333
8355
8757
8821
8877
8882
9141
10135
10143
10512
10861
11030
11163
12044
12067
12068
12252
12364
12660
13116
13503
13929
14158
14208
14655
14809
14986
14990
15263
15535
16380
16813
16907
17000
17100
17584
17827
17932
18213
18235
18946
19135
19146
19444
19449
19491
20608
20963
21104
22195
22649
22744
22766
23075
23418
23447
23486
24015
24068
24956
25260
26182
26473
26632
26808
26867
26957
27646
27715
27842
28086
28320
28365
29364
29846
30094
30237
30629
30810
31264
32024
32059
32278254
332
546
588
706
1137
1645
1962
2125
2186
2400
2593
2611
2854
3032
3044
3342
3624
3894
4348
5072
5246
5467
5619
6383
6484
6487
6612
6618
6869
6913
8130
8955
8972
9054
9676
9701
10070
10140
10350
10433
10713
11488
11555
12265
12645
13104
13526
13710
14513
14564
14872
15003
15338
15381
15700
18401
18454
18472
18761
18810
19365
20247
20448
20820
20960
21255
21311
21384
21549
21751
22017
22165
22842
22917
22954
23190
23429
23726
23833
23978
25022
25941
26469
27238
28419
29280
29545
29836
30042
30071
30167
30348
30587
30899
31545
32010
32067
32129
32244166
406
438
450
566
668
1205
1237
1604
1902
1978
2035
2120
2578
2789
2926
3001
3036
3053
3120
3213
4005
4491
4608
4792
5184
5539
5838
6297
6475
6520
6554
7358
9268
9630
9862
10527
11182
11402
12249
12368
13206
13406
13864
13895
14263
14434
14495
15010
15390
15677
16092
16188
16206
16686
17508
17657
17798
18017
18262
18351
18853
19333
20000
20179
21142
21240
21564
21599
22505
22765
23562
23989
24019
24238
24359
24707
25085
25490
26043
26611
26626
27062
27087
27499
27762
27792
27921
28041
28101
28693
28863
28992
29973
30714
30741
30745
30891
31328
3228645
977
1260
1387
1581
1824
2358
2420
3135
3383
3975
4266
4692
4736
5095
5156
5353
5497
5612
5888
6219
6453
6617
6892
6957
7034
8079
9008
9157
10021
10130
10136
10150
10574
10826
11418
12077
12206
12463
12695
13690
13739
14217
15654
16363
17254
18292
18732
19291
19802
20461
20597
20849
21089
21118
21164
21446
22839
22941
23262
23426
23529
23564
23684
23843
24074
24223
24458
24932
24981
25121
25195
25410
26592
26778
27077
27360
27424
27497
27620
28179
28258
28266
29549
29649
29700
29745
29886
29901
30425
30760
30787
30918
31154
31225
31330
31625
31643
31916
32247441
826
906
965
1217
1830
1925
2026
2238
2406
2466
2806
3217
3598
3844
4077
4245
5579
5843
5889
6019
6120
6366
6368
6445
6704
6763
6817
7337
7637
7729
7870
8252
8455
8907
8939
9118
9459
9762
10409
10706
11011
11047
11720
11855
11954
12213
13016
13035
13967
14588
14668
14958
15866
16585
16934
17058
17127
17175
17669
17782
18179
18573
18776
19797
19939
20015
20368
20888
20900
21008
22370
22684
24445
24522
24530
24966
25314
25720
26619
26752
26933
27014
27195
28013
28420
28519
28698
29070
30065
30106
30466
31145
31425
31715
32332
32389
32423
32565
32701