851
1300
1317
1453
1830
2143
2542
2938
3095
3141
3595
4320
4577
4877
4909
5598
6938
8576
8718
9194
9716
9997
11297
11377
11389
11393
11548
11725
12768
13221
13526
13909
14150
17237
17386
17496
17787
18000
18036
18196
18202
18419
18428
18504
18665
18671
18719
18932
18955
19245
19742
19994
20001
20189
20223
20339
20666
20674
20873
21628
21687
21793
21817
22134
22760
23154
23225
23362
23729
23919
23945
24809
25642
26008
26255
26259
26519
26644
26647
26847
26893
27074
27151
27943
28173
28216
29001
29135
29467
29805
30532
30862
30989
31089
31289
31308
31547
31549
31606
32641326
635
746
839
905
983
1030
1960
1990
2511
2759
2793
3248
3871
5220
5856
6033
6333
6788
6841
7711
8708
9019
9484
10143
10291
10669
11101
11236
12075
12666
12931
13001
13190
13232
13479
14135
14426
14600
14706
14744
14842
14979
15326
15359
15416
15469
15934
16668
17032
17463
17703
18296
18394
18474
18505
19020
19753
20573
21039
21071
21515
21834
22215
22321
22420
23311
23635
23753
23862
24520
24817
24918
25899
26511
26690
26727
26883
26980
27014
27487
27611
28208
28938
29292
29814
30251
30298
30701
31097
31122
31193
31405
31516
31936
31956
32062
32527
32620
32757212
802
1007
1599
1757
1786
2357
2473
2906
3142
3186
3910
4295
4343
4692
5599
5609
5779
6120
6284
6555
6978
7281
7328
7333
7427
7959
7967
8009
8492
8732
8944
9233
9475
9607
9924
9929
10067
10216
10432
10640
10688
10981
11306
11865
11940
12102
12295
12573
13094
14163
14844
15132
15508
15567
15776
16908
17201
17205
17785
18036
18122
18136
18164
18541
18946
19295
19505
19925
20016
20649
21504
22030
22170
23960
24107
24208
24844
24889
25235
25420
26172
26416
26902
27076
27080
27511
27746
27840
27942
29868
30259
30570
30685
30697
31101
31236
31244
31272
32016320
367
1039
1108
2249
2292
2303
2511
2602
2690
3072
3141
3267
3390
3807
4331
4510
4948
4961
5583
5617
5799
5838
6550
6553
7458
7750
7783
7797
7933
8182
8201
8322
9028
9549
11083
11291
11404
11641
12157
13087
13197
13411
14142
14437
14538
15218
15350
16109
16251
16511
16745
16853
17388
17639
18392
18434
18793
18858
19224
19229
19639
19659
19827
20117
20739
20740
21121
21539
21817
21874
21931
23015
23180
23461
23465
23772
23840
23871
23934
24505
24571
25208
26402
26424
26586
27036
27413
27806
27837
28729
28857
29589
29621
29685
30768
31613
32191
32300
3267069
753
769
1221
1233
1242
1406
1465
1552
1626
1672
1799
2087
2401
2438
2461
2823
3010
3440
3461
3637
4477
4615
4660
5034
5729
5781
6190
6457
6750
7185
7417
7497
7543
8300
8743
8924
9237
9304
9341
9344
9989
10717
11406
11433
11485
11759
12135
12376
12664
13581
13653
14574
15207
15500
16203
16973
17132
17583
17781
17987
18002
18274
18945
19164
19239
19449
19991
19994
20104
20485
20673
20925
21899
22205
22218
22513
23026
23160
23312
23945
24025
24649
24860
26435
26521
26656
26771
26975
27276
28666
28711
28734
29455
29503
30047
30145
30530
31282
31469