90
98
723
931
1063
1290
1311
1834
2060
2122
2831
2975
3090
3677
3699
3703
3794
4206
4434
4697
4901
5323
5381
5922
7496
8475
8829
8922
9259
9337
9940
10271
10454
10546
11087
11186
11312
11349
11912
12367
12397
12573
12740
12895
13867
14052
14151
14432
15457
15666
16112
16178
16557
16620
16765
16860
16881
17240
17350
17729
18043
18186
18609
18725
18757
19014
19670
20402
20407
20774
20886
21273
22520
23025
23624
24020
24373
24512
24561
24653
25172
25491
25833
26289
26579
26606
27192
28872
28935
29009
29113
29440
29515
30549
30770
30985
31359
31657
31841
3184456
1068
1237
1325
2115
2226
2242
2669
3071
3631
3677
3941
4205
4265
4606
5368
5419
5569
5603
5778
6049
7134
7785
7807
8240
8366
8927
9033
10523
10635
10781
11192
11406
11697
11820
12185
13462
13580
13792
14162
15336
15443
15480
15791
16122
16507
16549
17128
17195
17519
17704
17736
17816
17893
17970
18088
18352
18389
18524
19662
19826
20598
20790
20933
21430
21447
21579
22528
22956
23564
23999
24169
24371
24540
25210
25377
25456
25489
26262
26324
26461
26535
26775
26883
27133
28300
28837
28873
29309
29461
29467
29950
30046
30302
30561
30905
31152
31402
32196
32392395
871
1545
1891
2570
3417
3432
3759
4090
4139
4197
4559
4663
4721
4761
5023
5346
5728
6275
6472
6597
6704
7189
7507
7645
7906
8396
9046
9053
9293
9351
9587
10621
10655
11004
11718
11893
12162
12222
12492
13747
13792
14466
14515
15011
15065
15541
15687
16155
16168
16237
16790
16986
17060
17061
17135
17430
18078
18216
18479
19048
19083
19620
20340
20615
20775
21086
21266
22079
22284
23885
24375
24591
24722
24852
25029
25138
25302
25735
26243
26943
27014
27081
27375
28227
28698
28847
29383
29465
29715
29938
30017
30206
31188
31752
31763
31948
32221
32244
32329675
769
1261
1722
1806
2080
2280
3156
3309
3540
4160
4573
4726
4992
5046
6775
6864
7161
7464
7567
7570
7797
7971
8258
8371
8509
8568
9064
9713
10242
10670
10858
11011
11340
12087
12170
12850
12891
12921
13251
13679
13776
13851
14080
14440
14775
15275
15359
15681
15957
16470
16533
16974
17841
17944
17962
18990
19065
19785
20281
20572
20953
21059
21231
21548
21560
21778
21893
23436
23503
23586
23774
24095
24520
25106
25239
25470
25611
25644
26113
26275
26386
26496
26664
26678
27243
27567
28189
28450
28606
28806
28962
29715
29822
30881
31526
31854
31868
31926
32030532
576
2296
2602
2660
2722
2746
3893
4381
4400
5584
5587
5711
5888
5897
5931
5993
6915
6916
7298
7410
7622
7680
7850
8069
8189
8358
8426
9766
10329
10422
10485
10499
11374
11455
11927
12151
12831
13595
13913
13918
14439
14829
14949
16156
16412
16893
17514
17552
17564
17835
18523
18642
18780
18864
19431
19493
20502
21010
21356
21582
21654
21740
21962
22011
22470
22500
22632
22673
22750
23514
23615
23693
24176
24441
24505
25178
25556
25784
26136
26302
26361
26887
26901
26925
27573
28185
28339
28461
28871
29373
29943
30150
30319
30686
30688
30820
30852
31393
32759